svm:
Accuracy: 0.9786150712830958
Precision: 0.9887640449438202
Recall: 0.9649122807017544
f1 score: 0.9766925638179799

svm with pca 4000:
Accuracy: 0.9175152749490835
Precision: 0.851782363977486
Recall: 0.9956140350877193
f1 score: 0.9180990899898888

svm with pca 2000:
Accuracy: 0.8625254582484725
Precision: 0.7724957555178268
Recall: 0.9978070175438597
f1 score: 0.8708133971291866

svm with pca 200:
Accuracy: 0.6384928716904277
Precision: 1.0
Recall: 0.22149122807017543
f1 score: 0.3626570915619389